1000 9882
926 187
533 464
422 330
26 931
416 159
329 850
91 799
831 75
209 424
224 552
88 519
394 586
638 579
949 412
825 166
826 585
801 851
192 613
173 339
414 664
347 599
557 824
597 379
959 868
265 328
322 363
655 95
472 132
326 291
790 754
134 666
798 589
643 396
806 104
735 18
517 491
648 22
297 72
631 989
833 14
743 519
74 442
862 147
848 589
840 845
93 383
535 392
65 688
463 157
709 661
322 815
913 912
438 981
801 827
841 246
953 780
182 430
143 860
415 794
116 422
351 729
780 87
287 97
201 224
75 651
79 195
535 119
770 460
954 273
385 106
97 288
353 670
651 339
559 698
429 289
413 956
965 383
125 498
767 807
755 807
862 521
885 424
447 333
604 64
56 598
937 947
901 552
776 931
450 466
803 330
88 748
346 227
662 403
8 936
949 173
243 262
885 891
413 480
659 504
808 990
78 500
100 20
281 662
279 527
177 997
18 291
535 778
259 535
584 680
922 155
26 857
742 296
855 453
764 433
768 430
311 840
863 431
739 149
756 797
523 660
28 110
584 902
400 397
697 361
75 13
826 847
424 259
705 950
536 862
549 877
622 984
834 325
804 701
587 7
535 319
493 536
334 548
407 936
193 484
352 784
880 154
648 221
302 601
356 999
144 63
733 275
607 366
991 719
506 508
15 421
210 816
562 93
158 528
620 235
520 953
92 239
241 863
729 234
921 187
910 125
941 200
713 57
788 717
229 359
149 21
980 513
915 706
953 635
119 696
102 942
160 673
896 277
93 553
223 654
498 443
543 475
730 766
488 253
156 747
898 558
976 850
595 904
372 535
229 138
59 599
940 324
778 59
854 262
836 373
638 697
175 97
823 537
973 140
996 115
561 522
881 309
865 936
919 719
441 884
282 688
119 109
506 338
826 513
904 203
810 168
336 995
955 988
62 166
191 518
605 840
342 918
844 492
682 467
574 221
351 204
869 911
874 891
602 266
625 155
628 782
740 700
174 830
752 226
382 957
330 88
404 711
905 594
542 822
397 246
264 457
663 255
614 587
634 125
637 716
678 472
883 662
813 319
581 291
12 98
76 941
183 971
965 268
905 925
513 444
931 925
642 88
736 291
148 401
627 74
442 178
615 85
796 721
528 95
604 490
586 813
509 106
59 935
620 636
548 225
896 322
418 26
718 145
872 457
760 903
409 381
157 383
488 842
505 876
293 879
521 667
812 61
725 876
617 915
375 935
379 416
342 276
162 134
401 710
717 504
792 49
556 58
993 624
427 118
927 941
345 481
881 759
205 181
647 290
266 267
859 152
109 281
825 24
988 572
355 873
502 712
123 133
755 456
648 910
332 399
530 462
507 147
955 907
8 444
943 334
393 358
947 779
531 72
773 907
322 439
970 507
471 794
773 796
478 18
227 494
303 973
285 722
734 251
53 694
460 664
213 321
714 887
936 453
365 533
888 574
395 936
213 929
495 523
41 880
683 705
227 605
398 700
572 95
431 677
974 607
480 175
614 454
67 897
585 220
126 188
879 998
989 98
718 416
934 685
993 103
788 534
495 862
540 448
637 641
230 217
455 885
859 651
876 619
715 943
721 686
97 372
564 292
620 608
378 499
589 495
383 922
884 157
797 894
98 790
176 244
964 85
974 394
225 665
393 885
176 323
52 478
487 825
94 817
811 859
604 818
418 371
389 18
340 443
329 849
655 184
15 25
223 212
355 18
437 728
242 384
830 1
744 962
230 893
77 714
801 269
950 878
477 652
259 361
601 232
947 916
30 984
587 397
199 963
181 596
644 92
792 743
636 950
382 618
718 960
437 875
429 971
553 47
780 370
500 987
895 185
741 771
634 437
921 51
909 163
378 759
508 682
514 309
74 236
233 389
254 493
864 289
130 189
820 620
277 186
278 877
549 494
971 72
456 51
737 134
934 92
798 391
654 875
76 731
936 908
958 713
689 116
547 18
894 447
474 298
609 317
6 197
210 288
324 296
401 765
347 89
629 547
466 806
814 591
926 5
492 713
613 758
648 665
556 2
501 821
342 463
900 14
328 521
313 187
372 722
564 388
469 894
3 939
311 933
527 194
80 233
156 182
303 321
398 111
425 179
924 179
194 94
982 121
110 434
91 536
757 695
167 487
758 919
507 385
456 806
203 467
977 680
338 694
193 217
122 225
52 788
477 769
890 234
451 890
605 517
17 36
843 144
293 191
369 521
776 343
151 49
856 37
454 386
575 958
173 298
362 357
568 584
719 291
171 777
189 887
550 763
517 547
386 132
514 136
453 364
828 360
850 240
797 791
745 478
175 755
785 603
70 495
441 477
650 555
194 767
7 769
758 203
43 398
633 482
64 931
994 140
410 893
656 359
486 462
586 1000
256 117
775 202
464 232
319 186
267 855
752 923
270 461
349 975
479 928
483 421
124 433
613 240
713 628
381 478
674 59
688 182
34 792
140 330
350 550
759 670
81 275
748 653
380 265
181 968
422 482
939 148
379 198
80 356
868 133
83 967
778 749
104 362
568 185
218 510
972 171
995 759
612 130
481 640
522 662
924 6
657 901
914 108
143 674
757 572
98 139
155 112
359 752
182 811
292 319
84 185
231 314
483 356
87 822
625 363
420 219
205 859
580 825
139 454
869 864
504 812
98 309
933 387
679 739
662 989
316 395
856 176
710 63
697 832
240 693
441 821
554 324
409 136
282 390
177 164
440 882
98 702
656 795
840 499
90 766
732 801
494 356
691 981
283 897
103 256
641 279
667 551
64 528
210 977
140 669
769 203
470 440
439 947
261 447
341 641
327 946
310 132
392 561
279 923
251 764
722 335
850 792
907 291
637 32
582 739
622 332
508 116
50 771
647 285
392 367
726 510
266 264
270 336
842 967
627 359
989 788
95 709
649 329
975 801
693 16
916 305
433 807
967 806
200 746
521 16
830 106
131 734
134 557
503 326
713 940
271 332
826 661
39 736
795 846
337 309
674 577
269 155
914 80
331 174
39 625
209 782
999 631
356 715
250 82
285 721
809 726
631 872
580 910
62 445
190 630
657 131
545 566
138 721
490 359
36 943
843 297
645 627
499 719
309 850
455 948
538 911
387 684
10 593
227 941
286 418
396 422
642 394
844 804
896 513
295 513
666 183
263 39
177 418
328 82
989 259
811 559
928 769
926 268
508 331
665 93
253 106
205 485
116 768
337 53
124 283
174 500
931 359
181 332
458 963
348 467
150 729
445 711
101 37
530 879
218 162
96 427
980 911
584 464
622 360
988 658
366 42
425 436
744 150
686 729
247 509
854 335
439 916
454 569
97 899
403 397
186 519
117 785
426 22
104 132
838 851
341 217
547 514
240 452
682 231
488 837
579 885
798 657
506 395
364 861
825 277
846 701
672 160
947 870
551 344
791 681
922 552
260 183
49 908
692 210
714 950
18 897
790 611
333 824
786 506
863 248
26 263
374 479
363 74
588 641
737 729
700 459
611 224
960 56
944 925
74 154
754 744
301 417
374 761
432 336
250 443
754 891
115 432
154 133
301 50
286 414
69 22
605 228
515 132
171 386
737 20
184 916
598 827
589 688
845 518
757 806
774 514
645 922
799 634
153 500
574 292
48 238
357 892
413 954
875 755
215 370
695 4
671 47
470 932
896 267
401 867
611 247
619 845
633 117
141 845
800 709
884 353
711 784
416 479
159 633
402 734
116 570
906 222
821 481
474 252
772 571
284 333
692 370
215 943
90 447
933 985
56 3
221 855
699 747
354 376
136 187
688 632
946 944
418 562
136 10
88 771
325 570
957 304
175 456
57 520
633 617
688 678
322 508
948 344
696 177
274 379
114 634
297 170
279 14
174 800
286 830
496 262
779 875
231 358
748 12
252 835
828 38
739 339
117 75
505 425
126 283
697 811
296 908
10 646
504 239
185 473
952 491
101 552
762 578
805 902
37 620
554 646
465 277
696 806
954 307
537 457
612 779
224 988
116 90
854 856
945 924
193 983
547 160
550 821
684 511
613 431
558 288
873 434
569 585
343 434
332 929
918 952
280 124
371 290
842 718
147 268
920 12
722 360
202 642
270 458
586 715
788 3
720 329
125 98
8 725
854 260
570 839
128 350
807 182
591 751
597 405
191 221
873 782
716 364
420 689
437 381
864 711
388 151
482 342
627 680
76 98
630 537
833 313
9 943
692 116
285 938
179 347
199 100
938 980
575 281
8 17
963 571
985 23
606 417
213 71
682 465
847 953
973 718
813 889
929 616
416 645
257 647
403 897
102 97
100 733
726 889
841 449
731 981
326 11
143 579
130 318
334 518
939 736
126 420
538 466
905 673
764 281
88 347
767 421
70 159
735 667
694 89
92 274
679 960
477 296
499 272
228 754
811 341
196 336
571 356
440 994
296 646
6 977
175 662
768 736
115 209
6 864
172 120
373 497
695 76
474 368
291 282
793 252
777 711
831 412
797 607
907 68
272 701
628 128
25 795
669 450
798 254
525 926
270 567
287 639
972 693
664 254
901 767
200 446
85 493
622 316
303 27
494 179
246 592
449 498
913 179
612 578
240 473
384 579
367 528
88 733
215 604
131 427
311 636
27 330
563 428
360 977
288 158
389 611
899 942
352 961
47 244
9 688
515 606
915 344
994 483
668 96
304 819
140 393
964 907
234 420
60 208
246 143
39 854
540 217
735 942
706 753
305 808
125 248
788 835
628 514
300 997
597 777
922 713
503 826
491 850
590 344
444 452
698 497
984 753
54 655
609 196
281 33
979 54
430 898
328 196
326 563
664 542
404 793
645 933
779 383
586 847
517 358
691 703
724 977
832 968
715 830
208 392
110 355
789 908
277 627
439 644
986 346
954 956
885 868
869 47
47 743
566 193
517 899
685 717
33 46
164 784
271 28
39 464
833 455
373 197
200 696
424 524
652 908
113 218
556 604
834 90
229 644
161 684
697 338
66 338
481 719
522 687
83 623
531 215
453 963
611 5
351 774
423 693
451 896
268 378
463 9
182 784
202 242
790 467
317 771
784 728
732 678
969 684
917 980
994 233
178 427
652 423
637 895
586 431
491 161
885 113
740 852
193 575
729 413
224 211
222 930
979 101
110 707
153 74
905 987
106 42
859 632
269 548
610 749
611 703
779 411
29 600
923 463
362 963
805 707
646 713
745 258
266 141
34 161
570 479
309 361
437 164
771 604
83 855
560 153
101 247
767 518
751 141
328 813
220 715
992 276
405 951
959 368
110 238
534 604
394 514
501 819
561 914
731 110
125 819
474 253
4 718
665 652
596 928
632 473
234 230
433 908
203 870
898 794
294 179
902 818
617 276
726 150
657 637
983 317
17 734
702 159
868 227
930 538
522 752
100 964
412 456
92 852
860 974
904 48
70 775
640 538
400 287
476 554
312 699
483 827
49 568
984 109
251 446
18 885
599 601
937 89
960 406
944 811
502 365
325 236
149 606
860 181
604 497
486 817
589 992
308 845
149 719
614 573
376 238
747 92
123 838
72 980
771 252
816 467
469 815
404 866
97 464
10 505
746 943
763 775
487 703
91 703
42 790
466 886
399 606
20 801
349 555
297 912
281 315
102 941
267 248
25 183
203 710
439 990
635 731
232 342
214 474
342 271
396 947
862 778
814 617
138 246
180 333
141 961
336 67
890 886
137 438
713 354
513 819
384 713
42 509
502 739
256 435
657 791
23 734
80 215
899 779
217 994
165 322
407 261
924 145
372 982
895 686
878 344
535 521
312 889
367 733
912 568
400 492
716 162
791 720
443 590
613 550
356 721
578 925
182 809
847 553
316 167
982 724
325 831
52 665
287 672
611 170
745 892
597 899
728 78
822 1000
622 558
588 714
58 818
974 727
210 640
642 309
736 472
753 542
151 309
149 988
690 9
288 797
499 275
754 592
31 144
489 233
414 216
516 556
611 614
225 295
998 90
376 181
139 243
286 358
272 400
435 892
376 804
68 58
1 103
484 266
664 848
134 84
216 855
712 124
363 984
578 541
392 386
356 83
377 423
102 607
345 486
107 771
406 107
403 2
354 620
755 874
719 407
298 103
560 286
484 846
545 737
511 535
540 743
869 381
997 392
160 251
949 309
166 1
385 942
804 899
533 243
54 503
200 891
130 590
574 109
711 214
503 497
674 607
228 1
751 607
130 737
637 965
259 415
834 281
729 117
748 183
621 191
269 234
643 115
148 909
352 544
852 885
28 375
141 268
469 655
40 157
918 360
888 577
568 127
62 562
339 907
377 60
527 316
843 299
3 160
41 885
559 479
578 794
600 228
28 533
636 738
43 916
469 645
589 936
625 631
74 247
940 534
903 418
245 366
46 113
231 911
469 886
480 17
524 932
961 710
783 901
93 987
82 76
998 70
945 74
656 387
91 853
270 839
896 434
551 722
310 68
685 8
478 798
484 351
357 215
170 784
287 828
751 507
291 313
111 920
24 412
337 43
57 340
298 662
225 670
962 593
500 528
546 144
452 915
823 700
147 327
918 720
41 537
744 265
427 87
622 366
109 361
860 423
129 961
501 206
775 334
137 462
655 788
453 920
133 26
701 704
928 318
431 357
200 697
476 946
220 804
846 528
317 350
137 168
543 976
473 64
459 53
688 3
226 792
777 408
887 45
265 332
428 1000
205 745
855 947
397 375
32 511
327 250
593 598
389 979
1000 766
819 162
217 244
772 20
576 957
114 596
353 500
448 32
47 120
820 312
951 982
202 243
130 372
274 84
300 676
887 736
841 408
92 518
573 49
477 988
539 65
297 366
746 993
64 111
980 53
139 639
857 678
452 654
642 330
520 818
250 752
45 777
546 814
123 957
253 998
128 635
805 322
10 627
466 113
72 776
509 205
858 640
557 882
690 416
927 413
845 516
3 459
281 173
708 268
357 890
374 776
806 945
25 176
906 875
395 482
155 437
108 406
774 290
443 510
357 92
529 657
457 654
731 867
306 925
441 898
945 562
160 982
379 218
831 686
595 838
932 776
371 622
318 427
523 831
436 50
807 29
612 395
632 585
372 844
472 838
971 284
264 114
360 923
89 195
894 856
553 588
246 443
235 694
882 422
762 845
529 356
566 665
515 665
844 347
479 628
160 368
749 338
821 581
330 32
619 874
7 221
909 482
514 498
579 740
44 645
305 887
970 99
697 809
488 217
171 778
62 853
384 497
990 497
504 96
33 990
163 79
365 909
793 964
956 272
214 654
106 15
149 534
567 142
219 804
400 762
721 602
363 84
900 831
975 357
188 633
262 272
393 583
824 797
782 820
219 853
872 617
764 591
407 962
932 767
898 443
96 375
635 730
944 37
512 313
159 462
712 200
102 652
603 489
694 936
780 373
648 696
349 893
726 465
570 234
717 50
398 479
844 187
646 129
351 389
652 966
907 631
322 141
108 766
406 597
267 571
834 16
610 971
195 967
145 174
808 506
972 309
921 829
369 968
740 297
78 912
801 443
714 972
515 757
753 930
536 696
678 636
687 915
947 126
415 700
18 854
239 792
884 547
170 872
151 86
136 661
784 801
307 896
117 45
551 157
549 240
457 40
409 141
357 591
306 319
168 356
884 880
426 840
814 95
874 289
323 704
694 497
567 893
805 952
257 242
422 788
615 81
343 370
698 879
1 245
764 48
110 474
736 5
111 570
497 567
759 827
633 387
337 206
854 981
67 485
450 487
346 308
347 21
461 37
245 894
488 221
661 172
423 105
444 427
677 838
616 940
275 462
367 828
928 420
380 185
56 223
756 524
650 145
190 174
412 252
622 173
821 253
218 191
593 473
96 863
406 600
839 340
638 370
972 123
791 529
855 984
649 40
527 11
948 252
678 941
497 302
995 59
961 127
892 401
821 923
991 79
633 551
799 792
605 960
654 53
912 436
108 23
684 654
41 90
558 593
729 229
218 866
258 205
178 52
80 798
364 478
827 798
130 34
46 118
106 165
70 264
788 931
236 544
737 13
311 22
573 383
10 559
46 481
528 32
197 155
805 604
58 307
906 741
380 682
346 502
988 41
223 812
777 656
67 304
952 189
784 344
56 703
788 368
721 819
719 856
632 114
135 507
713 471
107 960
793 335
962 430
705 923
381 274
445 565
671 507
324 726
509 590
720 275
539 841
464 465
816 774
247 510
138 798
233 660
237 196
932 868
699 595
276 896
766 138
7 624
566 481
845 278
313 381
647 544
751 306
485 647
181 702
783 289
321 11
29 506
86 245
752 497
145 229
758 315
351 243
302 461
188 486
30 988
71 240
218 548
648 27
264 260
502 148
875 394
844 647
667 390
464 827
47 45
620 478
178 73
53 775
187 765
813 609
642 331
167 983
520 819
596 6
706 578
322 859
516 455
256 248
149 794
120 934
267 355
22 869
738 450
847 36
876 564
172 435
634 514
48 225
157 513
693 767
111 846
628 36
354 977
461 907
950 410
584 130
949 918
381 212
826 67
833 869
405 836
279 879
141 105
362 739
932 555
113 559
534 739
833 790
190 437
634 855
727 246
530 846
364 374
128 454
722 274
216 703
792 73
897 438
954 705
707 11
857 442
90 11
455 241
544 700
800 790
158 448
716 474
848 226
518 770
781 530
213 432
363 495
473 695
330 764
84 451
568 16
511 780
442 773
65 490
122 237
250 38
87 697
914 151
678 68
790 514
256 789
518 541
544 120
790 233
50 465
416 747
623 712
339 981
819 95
657 72
435 422
790 364
956 92
705 324
373 254
763 586
505 430
151 275
62 858
841 149
534 208
804 126
736 284
671 645
277 218
654 728
470 741
876 536
934 306
41 767
893 827
841 832
436 556
827 405
101 152
874 380
86 548
603 714
175 989
237 584
437 134
457 728
976 952
404 49
977 401
183 47
287 644
519 593
789 962
793 263
815 838
104 914
195 509
638 851
571 308
111 177
938 415
393 2
301 761
747 841
458 760
43 78
811 511
564 356
13 682
160 866
19 41
691 539
915 99
511 706
974 788
96 803
73 385
964 764
415 776
252 702
638 380
790 716
347 658
702 8
622 867
403 346
550 187
904 46
687 813
531 273
131 255
207 392
246 166
874 759
526 20
896 53
658 244
52 667
680 836
521 38
925 906
625 504
957 912
921 463
98 344
705 288
193 628
953 990
550 648
787 710
563 415
774 796
442 349
158 462
981 948
889 44
756 894
874 312
254 478
555 911
370 715
956 326
150 245
957 763
500 122
687 470
603 923
729 272
738 394
22 435
957 620
281 251
921 28
945 44
766 452
537 426
24 275
426 619
23 607
83 607
193 944
267 137
34 372
508 291
805 665
183 277
591 136
833 956
98 783
758 270
305 431
272 688
814 536
673 900
836 432
158 92
551 927
243 340
134 229
381 938
972 775
70 242
8 756
928 421
862 957
432 532
472 993
718 912
475 662
332 53
95 140
99 258
551 637
263 673
485 529
398 440
437 350
648 947
928 131
169 865
338 856
690 626
622 908
201 592
271 328
420 950
541 378
545 895
530 237
570 141
207 511
27 109
696 364
773 680
100 764
675 918
359 353
732 733
713 502
770 958
871 266
66 687
801 672
344 821
505 104
704 698
701 967
260 531
457 203
610 387
758 779
373 295
780 425
514 221
885 188
832 824
651 476
763 848
589 648
516 514
258 270
577 532
374 802
693 666
720 712
592 699
315 304
529 538
414 36
435 971
438 446
334 255
393 751
529 683
270 615
487 935
122 619
310 868
203 561
224 741
413 32
906 87
604 152
362 543
660 154
358 916
555 452
925 202
708 238
765 395
926 197
293 608
609 615
696 861
789 732
919 669
422 479
526 993
407 96
740 927
133 169
541 60
467 691
803 865
454 991
60 546
406 530
29 112
84 424
670 467
546 90
65 13
126 694
143 742
679 496
356 219
544 93
681 212
38 331
593 896
887 738
348 364
302 172
875 282
967 330
952 609
154 495
980 55
151 733
362 266
484 542
438 943
117 228
779 545
407 864
836 534
233 511
480 189
70 373
736 369
6 525
154 816
245 371
414 358
115 797
296 577
854 816
448 652
175 843
806 951
789 433
742 101
135 73
971 837
897 122
627 231
845 868
37 807
408 89
802 185
58 153
10 4
902 306
234 550
812 401
532 338
983 472
203 906
935 85
938 331
371 624
453 812
762 446
679 80
437 357
440 55
713 981
422 507
837 772
752 560
455 129
720 30
812 582
282 713
194 406
32 496
450 771
307 182
695 795
621 99
368 23
812 868
493 896
554 191
293 41
222 65
985 398
428 784
235 982
493 530
82 67
265 985
296 740
883 787
221 392
684 800
331 584
723 954
207 213
837 433
644 224
499 651
465 623
983 741
801 985
219 536
382 244
457 131
86 193
20 762
157 706
595 220
70 337
642 78
36 193
924 74
654 787
741 516
7 320
562 185
727 593
174 339
987 396
974 186
336 762
135 28
229 321
940 958
733 209
555 721
975 276
15 619
287 758
628 168
367 68
707 827
210 257
954 896
239 126
902 96
7 772
284 655
391 741
569 303
369 305
355 738
788 378
346 995
425 496
99 745
393 146
855 166
927 725
588 291
990 603
259 633
632 615
9 66
172 762
764 124
213 482
969 860
924 419
459 110
730 175
913 389
604 644
164 521
187 888
422 193
503 494
795 790
749 419
821 566
421 408
71 133
981 152
377 436
620 400
363 121
188 100
26 379
465 937
62 533
620 39
396 89
179 795
342 741
239 651
791 32
443 926
719 723
176 563
782 733
179 904
182 505
187 405
939 898
135 973
196 717
490 46
110 783
201 209
292 248
519 619
520 603
962 900
890 756
512 987
903 685
548 9
254 46
663 328
650 633
728 653
414 207
239 335
955 118
335 984
720 636
955 231
405 778
27 957
288 421
789 116
439 575
176 349
699 875
884 421
446 216
581 643
159 573
907 695
105 491
958 941
327 348
649 332
82 973
178 652
806 266
247 318
606 776
226 640
285 793
133 915
470 287
330 674
158 277
482 489
800 974
748 908
473 154
200 894
679 382
683 891
170 346
868 309
541 377
246 481
206 438
356 609
871 767
736 955
865 537
592 319
463 864
374 69
736 810
240 921
630 138
154 281
27 29
339 799
586 292
397 131
553 53
681 8
349 138
41 233
95 442
857 847
679 642
295 841
153 848
351 605
724 25
163 299
828 463
278 1000
801 897
36 138
159 885
234 15
287 27
490 149
552 424
700 851
2 921
974 835
75 627
889 809
844 789
417 406
962 650
448 720
858 587
694 253
168 719
764 625
732 471
699 774
299 244
384 918
539 986
133 869
337 970
893 181
489 663
787 280
405 625
800 669
85 397
360 132
768 187
878 74
922 129
574 835
601 935
88 526
169 819
636 119
133 541
800 891
144 767
695 822
754 206
916 577
994 673
208 758
136 19
982 454
783 147
861 655
825 393
277 814
574 12
877 165
806 99
679 499
972 383
334 928
977 727
317 174
450 625
677 158
365 610
653 869
127 184
718 885
550 608
978 542
961 788
690 234
878 851
535 502
757 130
418 341
196 758
306 370
913 794
326 881
516 449
644 670
650 991
964 441
796 625
50 879
253 852
514 190
93 907
168 561
666 101
925 736
889 852
687 393
84 690
755 806
98 978
561 458
154 928
348 144
766 29
988 15
647 156
820 752
693 622
272 618
154 578
764 917
512 336
737 491
849 241
172 866
637 114
285 413
219 409
590 184
739 734
445 599
621 542
214 156
694 874
454 655
950 256
932 779
60 882
422 361
460 52
152 381
393 117
587 611
643 789
327 292
203 794
298 58
652 989
209 397
47 997
134 814
330 619
147 947
338 910
155 332
816 514
907 989
912 833
216 334
658 349
148 994
576 766
497 283
705 798
320 316
930 649
881 253
72 444
874 782
692 179
236 23
899 891
800 212
395 520
88 38
951 567
18 881
644 973
279 122
448 190
395 921
364 135
539 46
170 967
87 65
372 471
841 266
144 54
608 523
697 814
869 686
793 687
684 56
62 856
140 2
748 303
127 946
681 354
59 178
275 331
287 66
92 442
805 34
774 592
727 592
410 785
234 71
23 565
917 727
559 615
11 21
824 800
6 776
23 682
816 132
335 628
971 684
693 578
620 678
132 694
243 205
705 488
6 42
559 810
471 343
379 512
270 463
971 590
459 434
976 216
692 911
252 107
949 59
473 370
995 469
152 345
60 20
191 216
764 14
801 124
530 594
802 303
750 73
881 302
700 870
792 361
298 30
804 772
636 365
925 324
243 467
694 515
553 685
610 966
523 261
680 552
5 695
236 123
524 632
175 232
899 228
78 302
819 445
594 647
589 795
260 569
889 65
891 543
748 508
224 288
780 391
528 424
168 295
116 485
188 826
129 109
727 647
528 455
675 312
953 702
71 655
534 109
186 215
791 209
927 86
434 553
110 622
167 733
461 960
558 470
710 765
896 345
715 777
684 472
851 313
444 865
394 26
567 397
845 811
441 221
445 668
963 160
548 462
755 2
298 833
856 875
764 844
638 845
472 628
876 962
590 240
663 892
502 592
232 84
103 851
237 221
698 273
134 261
372 784
998 835
158 399
587 555
369 62
8 468
377 539
365 334
930 495
238 808
131 110
521 26
192 640
139 907
670 501
764 496
674 1000
895 590
298 172
756 860
136 455
601 149
991 158
455 366
829 445
740 712
69 504
628 873
990 683
187 613
247 633
710 371
142 85
844 749
496 323
244 993
691 162
53 82
511 181
222 824
630 85
334 662
101 649
913 348
714 80
754 849
849 703
81 725
425 619
908 112
12 61
359 214
400 807
837 405
455 835
741 970
281 36
335 153
231 792
487 370
14 838
538 68
131 550
758 555
466 171
200 3
608 896
115 176
615 199
600 548
802 800
971 859
737 349
719 805
413 242
417 247
538 165
591 287
744 72
959 347
906 85
872 632
907 500
251 670
570 38
328 645
590 93
848 332
556 21
318 288
29 947
787 820
215 936
901 367
759 687
262 795
108 547
414 998
255 988
67 509
319 815
303 426
453 557
256 639
31 350
679 140
847 862
151 983
502 155
213 10
515 528
716 151
347 29
334 822
740 285
251 312
290 884
844 307
147 741
773 889
957 12
759 128
890 209
28 288
446 531
451 903
821 621
438 643
679 579
717 652
991 317
338 495
196 977
493 572
839 889
108 133
774 952
592 632
724 463
498 385
267 476
49 753
624 107
788 876
753 585
93 232
460 921
136 575
266 626
331 652
996 862
83 31
102 201
291 106
555 969
293 867
315 112
334 396
889 859
672 959
128 925
276 269
44 225
357 870
369 392
903 657
271 522
399 577
935 531
441 315
300 10
702 757
189 798
405 833
707 833
67 446
526 392
614 651
755 77
632 256
850 843
579 283
836 394
203 575
845 68
68 675
307 621
498 192
688 184
618 721
303 473
518 468
799 159
7 742
503 151
251 230
839 281
604 674
878 321
803 601
38 56
817 575
834 187
285 625
839 430
515 524
221 627
45 789
84 317
726 996
654 65
855 704
269 221
813 928
896 413
909 397
809 9
900 336
366 500
164 171
330 191
295 899
761 241
64 79
844 900
404 521
760 439
524 778
692 752
452 893
568 574
453 196
414 965
707 737
945 180
33 978
582 114
625 652
989 163
58 263
538 13
41 595
908 399
324 198
469 923
446 465
697 82
980 521
418 14
93 688
760 115
827 889
210 364
988 899
992 326
851 397
285 463
217 553
270 605
738 809
465 203
211 923
285 96
399 998
702 499
637 134
290 606
954 736
848 419
30 734
171 150
412 148
855 160
275 238
473 482
887 848
511 638
26 786
541 113
657 604
933 999
381 682
592 55
646 276
450 869
490 950
472 213
169 155
151 799
479 498
665 925
389 902
946 453
406 633
531 165
551 286
809 843
264 368
139 844
691 427
875 454
621 214
235 807
786 158
936 322
235 428
44 839
541 437
725 200
361 989
268 319
460 324
821 677
625 364
630 223
942 331
703 191
363 8
848 668
446 307
135 958
283 715
212 211
595 60
415 478
607 330
700 120
131 815
430 514
745 641
267 351
148 554
684 548
44 395
706 824
853 967
219 919
71 654
590 650
476 624
258 297
940 845
64 760
945 33
358 510
55 442
665 98
775 925
618 194
983 862
375 269
732 94
862 969
206 941
499 438
375 526
582 568
158 694
362 663
609 382
849 313
578 999
551 692
928 730
655 813
825 838
755 5
167 915
902 66
299 27
696 725
510 705
313 139
3 662
166 584
926 215
530 548
18 464
458 539
705 522
133 33
359 841
735 498
772 648
539 655
705 699
7 665
618 952
270 117
56 449
666 774
829 730
705 852
798 719
359 559
808 587
200 864
388 407
562 582
834 227
835 582
85 43
531 193
320 952
948 286
736 812
308 637
992 646
934 793
779 856
726 878
640 886
886 81
13 113
308 915
457 127
349 57
26 204
179 586
541 699
410 175
982 983
736 505
697 869
40 416
589 820
155 173
220 185
633 208
119 933
126 55
614 216
121 405
695 57
866 30
78 37
500 895
193 913
950 105
152 214
708 459
743 452
620 751
493 419
665 408
6 96
501 936
814 571
85 681
600 835
604 155
56 929
328 646
256 163
475 809
539 988
846 200
924 530
674 73
90 128
454 673
714 218
609 612
6 386
797 397
302 789
802 340
934 377
20 393
42 65
89 234
142 924
878 426
277 955
901 145
11 469
658 390
387 164
374 52
74 336
701 149
124 93
412 640
961 902
511 74
494 892
509 447
924 363
156 669
43 74
808 42
330 152
573 76
689 599
608 609
6 742
357 562
283 691
14 513
823 594
106 848
738 367
277 337
682 834
233 397
305 40
303 557
783 887
135 164
546 525
395 59
488 742
850 151
603 629
508 503
851 797
480 272
867 924
733 496
431 851
271 698
864 246
261 496
176 136
820 609
989 924
361 156
328 851
38 738
385 444
318 370
210 427
428 502
525 928
380 31
660 185
722 270
746 408
199 458
905 949
100 29
513 858
808 854
626 197
720 130
869 303
639 857
995 153
78 671
939 293
161 721
548 987
950 979
221 961
203 122
935 997
773 954
304 915
544 307
985 60
677 350
670 277
49 929
250 34
904 145
783 358
351 864
532 973
434 423
209 603
218 695
221 276
634 255
174 922
729 289
500 332
852 25
662 253
818 89
88 326
509 394
201 937
588 563
61 429
162 580
89 604
934 658
866 828
427 552
245 289
482 565
546 702
250 585
791 364
56 749
742 474
332 847
858 751
736 357
920 454
566 928
810 934
426 627
707 542
465 415
410 552
31 472
436 552
487 512
560 812
466 771
216 978
932 740
537 236
828 565
775 94
284 539
198 945
299 202
493 363
954 911
519 85
997 43
357 460
747 700
416 498
659 430
110 140
813 144
977 183
883 170
416 353
56 200
108 475
63 399
29 235
838 771
124 175
936 374
246 766
636 50
40 619
256 568
674 339
824 43
553 659
901 233
562 931
374 205
718 55
711 198
143 682
570 642
772 90
151 143
390 860
320 56
529 468
113 481
255 440
2 332
187 712
459 687
979 340
874 514
344 861
606 85
734 46
693 507
710 55
16 463
714 58
221 26
566 785
144 901
945 652
582 125
128 568
644 592
956 322
794 101
158 644
620 855
737 85
776 695
300 173
817 29
376 187
489 124
878 968
515 338
310 114
93 866
974 149
336 729
617 888
709 168
488 804
16 907
399 440
112 804
660 275
399 297
775 66
172 149
101 9
29 828
638 992
604 176
826 246
172 804
945 748
711 721
203 966
258 797
122 762
820 895
363 764
659 315
590 353
170 148
585 947
299 329
449 100
765 694
622 33
240 303
924 243
853 211
446 283
229 617
321 571
21 893
562 583
853 68
161 36
86 349
839 113
734 345
113 273
460 514
246 23
856 455
344 27
454 32
130 362
488 495
567 953
363 102
625 271
719 461
611 204
169 289
406 438
559 116
248 486
70 99
383 504
439 442
296 956
685 446
245 396
47 305
231 52
804 536
35 281
145 713
537 767
240 713
260 686
762 322
709 473
505 731
468 457
625 762
348 103
795 306
962 999
653 258
987 600
469 993
55 104
41 682
284 782
926 741
712 849
875 783
510 32
426 587
689 71
145 789
572 660
172 234
672 604
90 879
978 270
717 258
594 463
480 595
542 183
322 989
693 297
576 387
526 715
963 47
910 554
90 129
646 32
62 24
650 47
778 504
641 456
590 452
911 132
542 262
609 980
649 365
703 38
371 521
834 947
393 175
582 993
198 554
29 742
807 964
593 312
703 183
655 48
540 880
902 619
616 246
708 686
661 752
820 73
305 530
108 481
114 590
995 939
668 67
894 154
446 529
819 217
420 180
921 617
785 297
840 887
141 547
348 694
687 199
947 298
678 398
455 515
406 205
28 631
32 626
989 44
681 267
174 200
177 228
982 867
487 259
788 588
861 18
495 788
384 221
463 298
103 243
92 64
44 227
983 912
253 179
91 280
43 413
909 606
617 816
154 990
341 720
414 4
769 11
766 226
548 433
91 38
293 814
2 525
977 57
928 515
214 288
772 924
704 782
669 308
765 427
907 752
468 538
751 985
365 110
958 157
946 765
216 934
34 751
255 579
256 605
204 131
995 152
165 30
800 922
230 577
769 696
734 759
147 805
995 233
833 198
709 827
912 723
415 928
610 912
611 473
333 835
914 144
496 431
998 380
630 167
616 496
579 516
545 916
784 684
711 3
922 822
640 831
683 755
746 613
528 304
305 873
913 874
202 499
832 70
316 367
45 871
227 924
46 64
651 927
801 989
40 377
558 223
715 487
121 370
286 482
370 563
443 197
899 236
747 371
417 482
310 407
779 444
436 775
964 203
5 593
202 951
404 359
884 222
423 498
940 24
360 402
158 101
498 72
660 239
310 800
684 21
782 957
103 731
307 730
487 888
948 551
690 244
21 676
502 587
599 91
985 675
425 643
99 749
411 697
557 596
687 613
82 884
674 848
5 402
208 802
378 158
895 599
986 849
787 160
381 793
976 295
481 671
550 193
271 480
361 736
347 774
170 908
98 128
140 413
51 10
210 602
739 409
957 50
687 921
246 187
729 147
253 725
917 932
24 813
204 619
244 904
923 255
47 431
994 958
349 211
331 616
761 147
266 697
106 824
22 106
656 810
102 260
379 897
183 989
849 737
847 106
529 889
256 440
90 630
82 941
422 921
232 411
603 700
36 159
694 277
769 194
558 219
534 138
684 475
868 520
765 128
455 855
894 508
76 619
690 499
956 344
262 16
873 39
546 135
486 341
789 993
833 721
356 90
985 526
693 325
343 763
474 13
574 728
121 932
506 666
103 844
593 66
388 236
704 997
264 978
323 433
380 939
864 763
78 677
411 818
730 28
677 563
806 153
260 53
389 855
469 217
852 355
514 91
246 485
998 948
900 347
790 604
888 874
566 859
476 489
347 915
331 310
294 702
377 84
527 14
934 878
795 20
409 337
842 25
202 440
746 976
192 254
710 16
306 330
516 489
25 274
406 145
525 101
305 2
912 118
823 320
362 985
187 34
182 974
706 794
714 305
953 735
898 168
737 112
339 460
768 708
864 125
168 548
125 84
77 209
314 133
854 523
433 481
400 202
916 154
327 787
121 534
634 829
232 149
507 269
200 371
149 422
510 415
451 133
172 777
769 377
54 493
203 997
590 211
919 289
6 384
377 986
765 375
983 416
143 41
399 83
756 622
264 974
172 559
657 538
420 576
666 792
702 122
485 937
530 187
805 371
976 953
956 737
360 580
218 558
972 379
331 325
961 206
563 174
675 808
847 515
994 14
499 916
631 839
870 645
348 565
377 112
286 858
953 308
15 370
127 164
408 708
889 397
709 666
553 166
575 797
780 507
28 624
286 628
359 102
538 133
480 69
42 343
33 971
729 534
568 916
914 640
55 222
221 242
473 687
542 724
430 934
270 955
453 271
666 144
940 791
614 250
427 748
180 940
362 971
400 548
497 608
719 917
371 59
832 551
29 705
819 803
141 755
590 994
613 259
499 159
228 871
580 220
231 620
163 916
760 824
262 984
524 395
459 394
356 18
711 664
4 542
494 128
833 522
800 701
657 740
177 786
731 407
844 142
743 920
356 368
618 118
591 816
647 514
82 800
527 472
51 275
878 324
965 779
792 559
868 378
652 831
709 826
892 352
312 724
442 783
100 595
862 235
147 514
899 798
334 896
875 364
855 690
93 295
926 917
832 185
842 99
615 614
226 525
965 883
329 145
758 170
279 231
818 87
644 701
984 403
625 423
667 134
670 60
780 415
899 315
477 219
922 120
192 341
448 975
451 416
762 314
254 55
349 396
804 30
849 533
405 31
561 409
175 597
975 354
922 282
457 253
543 174
512 530
486 373
642 877
400 512
8 785
237 578
935 641
870 350
299 360
324 374
931 294
561 669
164 669
599 997
376 605
105 353
716 418
381 468
256 365
789 500
529 801
3 1000
760 707
501 799
393 4
466 690
323 327
384 705
280 402
326 985
109 443
511 635
223 183
460 171
354 418
541 78
815 531
269 395
462 224
317 415
781 560
632 842
472 71
532 597
825 453
152 793
991 804
445 428
169 14
233 231
536 703
856 412
529 458
692 770
643 350
790 403
594 752
847 678
353 166
407 961
763 511
31 981
213 914
221 487
706 533
357 743
856 186
529 244
783 651
128 651
571 401
164 89
774 476
222 979
117 167
762 300
686 45
482 727
110 643
538 108
926 655
712 823
819 637
452 114
714 365
182 143
827 70
777 952
211 749
492 982
936 590
738 574
524 365
85 801
266 77
196 142
237 550
721 857
958 542
621 960
12 552
966 809
200 344
38 552
21 342
685 847
949 234
890 658
963 962
548 680
436 66
26 962
501 612
651 673
66 451
177 858
308 4
983 831
60 677
597 506
617 468
692 418
105 520
325 711
569 153
437 713
939 379
322 283
910 392
881 40
98 816
354 168
193 238
29 384
167 786
567 411
297 88
835 728
584 856
682 333
792 773
19 523
307 256
843 338
41 236
973 971
23 68
156 555
965 843
253 617
127 16
735 849
100 284
182 478
793 875
481 215
597 641
157 788
965 109
767 209
14 987
182 329
865 73
558 20
819 552
555 894
353 654
851 251
837 436
654 666
470 551
966 728
647 183
284 959
301 887
28 977
518 212
660 322
440 712
793 167
297 976
724 585
229 21
121 756
214 427
140 199
347 118
977 467
816 991
319 228
852 232
471 425
367 232
198 85
902 45
885 875
319 117
217 663
588 386
437 410
183 803
61 542
479 883
940 263
821 397
733 728
493 83
935 60
919 667
811 114
119 185
891 192
123 186
716 429
412 78
969 799
695 781
46 233
118 662
903 924
463 557
480 207
360 566
344 475
259 338
354 76
743 682
691 375
53 622
804 445
347 112
402 342
518 552
155 50
861 188
243 384
58 811
874 713
502 286
468 154
852 388
970 228
444 131
819 505
32 279
833 493
365 895
116 315
83 434
283 692
128 627
76 921
112 418
573 299
405 393
460 106
732 844
953 649
366 694
511 395
81 347
463 308
466 248
125 277
70 510
328 233
444 711
818 500
68 235
487 739
881 872
54 898
612 1000
629 790
239 617
686 327
928 807
195 232
949 927
629 903
958 583
690 525
341 591
489 340
384 984
924 706
524 388
546 204
477 287
318 448
48 550
431 547
273 577
237 784
717 6
169 624
811 193
337 698
502 668
468 548
640 471
626 759
260 488
142 972
419 957
170 525
815 495
427 486
886 233
86 185
62 908
479 410
905 247
869 526
261 664
469 144
679 317
772 97
166 208
35 663
606 322
143 704
635 446
678 924
122 103
819 55
141 31
382 909
386 966
65 269
374 305
452 603
938 570
465 976
909 107
503 836
987 887
474 814
914 451
646 499
685 388
705 462
324 5
879 946
588 968
951 377
277 370
81 529
283 513
710 1000
795 887
715 514
737 78
990 392
391 31
417 480
789 376
439 819
171 689
54 598
48 132
276 412
3 700
940 907
640 577
686 355
484 287
102 858
485 34
254 865
976 959
703 676
190 457
906 902
512 305
492 657
350 755
920 22
789 3
797 336
194 775
363 900
200 396
399 244
55 534
186 739
860 230
391 624
772 513
575 220
479 843
685 524
181 989
772 656
262 630
583 726
766 857
769 578
592 43
773 10
317 414
262 513
507 880
754 275
187 894
907 415
646 411
406 732
354 133
805 387
206 153
361 816
303 61
717 767
442 659
205 77
141 3
166 478
577 453
655 346
305 826
37 922
995 707
836 709
247 694
305 907
692 545
362 332
225 92
813 307
540 493
889 53
173 148
196 715
227 886
810 871
797 863
512 977
489 208
966 354
568 845
474 548
292 885
421 855
206 151
559 657
676 979
291 439
440 603
242 667
930 957
978 39
177 268
329 206
290 229
376 893
935 727
979 353
253 490
47 719
419 424
901 596
924 667
870 379
29 825
17 849
470 853
678 344
825 842
437 20
167 911
547 821
768 38
329 976
338 682
792 507
437 389
668 519
997 221
321 404
30 300
910 556
384 686
771 45
78 568
854 425
305 571
810 828
843 696
260 416
227 175
651 561
601 285
89 146
34 533
808 672
596 222
39 260
976 374
740 407
322 280
655 78
74 681
645 164
575 295
423 570
880 228
32 173
714 921
858 129
758 326
522 512
374 95
348 574
922 765
540 188
944 797
359 414
980 388
515 870
790 444
101 718
822 973
895 137
399 948
473 600
814 161
27 817
875 85
895 30
992 855
754 842
149 782
760 499
922 14
724 122
527 757
953 876
440 793
365 956
277 170
266 957
448 520
267 460
560 905
177 211
444 572
267 93
881 835
974 244
331 685
867 868
814 861
708 416
908 290
413 860
140 692
660 323
276 84
479 719
244 320
546 310
431 808
305 460
518 11
955 374
8 953
851 585
979 636
600 839
151 579
432 969
130 772
314 485
703 845
831 152
357 257
195 442
472 597
159 543
57 61
721 102
337 861
925 116
375 189
53 169
881 280
55 975
151 524
246 650
155 379
12 898
15 109
790 941
919 523
995 353
902 991
173 997
281 935
763 888
649 11
587 347
75 399
627 618
981 943
469 251
770 712
386 705
761 525
375 443
36 641
352 598
114 589
565 231
248 807
192 911
799 740
380 467
528 696
875 275
164 188
757 795
403 816
923 185
690 228
283 262
545 751
966 121
331 562
830 728
500 155
268 33
586 36
456 321
633 7
283 548
488 562
969 5
789 498
295 585
525 280
585 117
254 104
435 782
901 889
7 490
375 684
67 647
320 355
73 314
196 176
879 349
845 797
99 903
426 445
393 780
488 142
710 585
721 928
688 55
157 437
45 486
479 756
937 856
510 690
258 849
794 911
47 653
147 710
195 406
622 275
592 802
609 900
230 912
280 440
748 669
75 333
958 128
27 494
635 885
526 964
798 873
843 832
789 618
596 648
146 899
599 263
714 767
734 762
207 670
958 482
687 672
821 938
346 586
477 740
169 51
903 904
381 173
805 486
678 124
937 54
900 462
886 243
501 159
986 525
9 535
368 236
577 504
173 458
728 124
490 275
397 197
805 216
553 119
40 94
900 748
322 772
306 129
53 916
844 897
866 841
103 50
748 293
697 610
810 640
244 196
90 750
733 8
202 720
940 870
906 722
944 353
802 899
224 983
991 865
614 228
139 94
785 736
608 77
201 489
202 946
793 237
686 352
410 679
581 682
163 805
628 319
688 68
284 535
397 867
108 819
826 222
534 647
651 985
447 74
198 964
368 77
825 15
938 278
5 253
261 3
350 957
761 890
9 75
798 837
252 327
347 637
313 445
540 772
333 514
482 476
446 355
546 66
401 162
293 404
379 255
652 733
584 943
325 515
930 679
386 649
403 541
153 690
830 852
209 798
874 876
433 610
697 828
97 989
687 922
948 438
678 235
993 283
923 240
785 247
71 470
532 804
116 738
459 560
269 815
328 501
236 678
64 479
491 813
322 923
189 429
384 470
784 968
847 119
112 634
897 751
45 106
28 856
71 794
275 541
96 206
701 639
6 863
577 945
270 736
876 651
200 124
665 22
408 105
90 919
822 76
309 439
665 391
99 991
337 86
689 845
858 400
768 904
739 655
223 614
686 606
599 907
751 60
642 512
909 832
493 960
446 82
525 885
697 240
848 388
782 443
584 670
327 490
540 761
8 474
445 891
797 198
670 364
154 774
290 904
735 270
41 278
460 344
613 878
834 77
73 395
765 547
568 97
44 295
38 69
222 486
132 10
839 109
221 694
558 751
134 827
28 218
32 797
473 957
347 916
294 701
395 598
359 409
966 131
678 279
633 776
563 117
434 899
809 213
776 490
465 543
212 252
361 734
36 34
455 936
277 312
867 568
788 948
610 266
991 923
116 455
840 136
851 12
500 934
267 463
555 880
976 715
337 263
135 204
840 362
72 244
715 858
591 199
295 394
478 772
529 530
125 81
108 411
77 206
401 935
449 623
855 291
710 610
242 926
371 894
63 156
998 297
383 997
621 930
233 865
569 767
219 434
741 25
786 520
34 997
789 883
648 633
260 359
545 471
826 787
180 446
219 336
111 358
21 586
372 882
1000 443
194 110
892 121
710 504
843 679
271 150
330 638
635 217
618 921
269 465
215 629
933 954
631 141
800 993
673 341
982 473
716 141
700 522
867 11
445 97
84 295
625 205
826 812
60 280
959 584
819 221
431 163
371 914
430 489
982 554
179 811
258 166
49 747
47 352
913 898
400 91
213 801
461 638
121 233
28 627
106 895
426 870
120 943
482 554
943 907
233 368
537 328
149 914
386 292
304 229
839 699
953 760
861 415
93 821
483 841
564 934
832 133
537 106
721 645
315 340
922 436
175 960
259 770
159 623
2 662
168 658
189 792
120 363
214 437
703 839
238 319
475 923
314 279
461 228
817 404
146 700
509 760
238 430
204 330
133 834
650 124
593 889
981 526
194 848
711 661
626 879
167 39
713 677
454 529
147 75
578 636
282 686
262 648
882 502
229 971
693 92
53 317
413 496
449 32
178 990
344 266
240 363
293 511
496 197
919 415
591 930
795 917
924 55
943 277
503 258
624 705
346 587
776 102
243 961
209 817
766 827
692 186
49 926
948 300
202 138
274 367
956 887
138 796
986 522
255 152
58 973
253 702
269 953
17 160
538 450
39 787
667 234
120 749
193 516
175 307
79 190
308 848
148 685
44 526
995 566
121 133
582 10
430 231
219 528
827 849
59 203
617 613
831 654
767 888
149 39
371 107
758 533
575 53
233 142
401 938
777 727
107 847
410 676
985 788
824 662
38 688
76 579
974 92
759 990
104 780
157 286
506 928
436 843
534 644
370 243
587 806
876 981
219 506
350 640
884 504
617 195
411 524
358 995
491 936
859 138
952 280
916 435
246 576
617 364
379 97
218 161
192 406
883 116
494 274
962 32
194 86
581 824
290 613
207 716
599 298
218 451
973 625
242 509
388 441
230 822
877 213
843 77
541 286
544 46
502 186
624 892
606 316
734 497
943 333
844 369
316 186
757 323
959 640
107 231
640 864
740 942
594 751
101 781
83 270
948 550
587 174
768 403
153 892
980 486
870 979
636 721
305 905
705 789
395 408
705 424
466 412
528 431
13 297
55 146
542 640
245 256
62 974
345 902
822 688
488 961
721 547
45 105
656 402
215 345
956 741
582 153
475 180
936 930
357 187
10 275
812 239
567 21
447 395
674 349
289 825
258 621
812 51
210 477
812 196
753 964
821 267
414 211
91 98
614 120
742 775
787 260
91 147
774 2
43 20
940 286
640 482
713 748
182 19
203 842
384 672
721 137
225 986
506 265
907 909
489 878
648 779
298 410
5 498
374 179
781 593
554 93
276 699
404 54
492 869
398 850
695 968
535 663
518 579
522 526
430 355
433 397
679 596
381 177
821 643
493 407
758 102
905 632
430 61
628 246
876 149
698 725
92 676
184 679
467 56
509 333
148 613
809 357
371 404
558 168
45 939
192 353
583 584
555 994
22 870
330 467
872 894
652 100
513 490
292 875
721 527
478 890
262 327
104 535
512 558
125 511
401 993
827 103
831 599
980 591
582 399
915 520
286 699
76 564
438 573
519 506
483 522
988 833
241 460
594 456
375 921
211 1000
341 537
507 257
968 237
163 589
739 682
748 95
485 346
83 318
627 417
441 988
406 862
708 870
982 141
161 493
143 53
459 192
481 904
333 743
800 772
543 564
381 763
459 81
242 291
830 416
321 144
564 212
892 233
251 211
523 269
856 650
285 614
568 126
252 767
274 505
882 866
362 377
978 869
226 926
800 81
106 696
73 869
592 787
722 95
706 263
497 571
13 173
986 567
1 685
18 773
202 230
274 667
810 505
630 238
813 966
740 634
876 106
400 205
790 350
44 660
500 250
952 729
183 867
560 762
406 198
733 433
515 98
576 116
983 585
140 997
773 168
883 461
981 682
300 227
62 902
267 490
230 247
111 394
859 741
181 401
515 401
497 612
189 934
443 410
851 265
50 728
641 475
110 408
627 238
348 277
85 742
530 821
620 713
513 1
475 922
569 83
336 452
561 829
492 262
860 495
219 401
205 158
996 255
148 480
926 134
929 162
603 55
677 772
604 996
842 945
849 565
384 761
809 994
750 437
610 728
99 325
262 649
929 908
893 435
562 146
735 304
3 842
720 23
541 23
321 124
587 377
915 446
809 711
368 433
496 198
84 469
877 240
182 942
378 89
672 35
112 5
203 350
222 78
26 509
193 324
446 566
161 934
389 734
467 146
36 901
782 215
257 592
791 23
296 263
648 242
492 949
121 132
603 792
140 58
310 334
809 445
477 215
489 35
153 129
580 632
942 131
659 907
144 460
73 506
625 645
954 341
737 67
50 922
897 947
737 188
756 200
59 936
565 275
870 112
393 588
323 783
50 621
16 933
861 275
2 712
630 454
189 970
278 613
813 798
733 857
37 962
720 650
872 739
335 749
12 512
842 755
293 973
450 184
802 69
108 956
789 825
423 207
877 656
275 44
259 979
77 840
316 640
299 466
427 281
660 953
420 678
582 468
976 510
485 628
469 95
566 423
942 158
80 338
557 736
1000 537
514 873
454 796
516 88
576 722
839 395
40 911
114 512
481 259
84 344
160 312
952 964
517 276
166 322
938 763
9 517
13 245
979 584
976 904
757 432
904 822
541 575
783 614
307 345
236 273
364 350
339 104
305 904
19 826
486 88
914 693
789 455
554 732
645 803
98 688
462 145
486 43
141 452
658 686
9 576
472 321
708 312
31 519
591 237
375 662
176 104
582 416
973 117
436 522
20 969
520 143
603 288
34 253
99 961
389 269
427 982
580 16
690 976
342 295
713 613
916 114
4 596
77 10
738 964
354 753
371 789
925 252
48 272
637 50
565 789
686 321
703 955
413 441
215 781
734 775
518 4
480 868
816 740
262 593
29 378
894 530
155 268
856 687
195 543
471 954
256 649
153 739
818 727
946 480
263 974
51 252
415 615
787 816
278 421
388 301
688 795
1000 541
605 558
930 824
878 610
844 662
810 258
409 427
240 993
538 392
562 306
140 156
527 976
379 978
127 28
442 404
81 700
300 986
248 347
959 121
356 942
933 314
398 454
429 11
951 372
35 236
24 603
41 515
796 661
581 153
429 412
50 979
148 324
242 555
319 805
234 135
660 479
383 570
722 112
615 255
358 364
915 523
789 46
438 436
833 918
870 395
174 215
232 267
861 12
876 888
537 174
224 767
906 624
389 353
135 381
376 554
94 800
833 688
530 752
473 257
585 183
542 91
647 406
640 382
345 232
75 307
646 324
192 629
725 341
691 605
40 553
683 248
481 617
743 849
299 568
528 782
5 412
288 183
397 363
4 19
485 697
726 976
784 567
123 269
610 889
131 253
688 775
316 924
235 996
19 551
22 821
706 550
965 811
487 91
830 735
780 496
569 942
412 812
879 922
880 844
954 463
263 116
582 191
995 11
235 288
791 147
390 346
874 137
489 173
966 681
453 266
332 717
337 353
175 861
548 217
185 981
665 35
208 466
671 29
20 897
135 464
157 312
489 344
736 3
440 372
438 259
345 441
185 32
294 450
479 962
582 805
20 342
43 95
696 771
41 60
899 678
293 667
393 718
521 376
460 188
654 890
317 261
834 913
816 684
864 696
667 650
744 926
697 264
365 138
682 92
260 10
344 443
625 30
358 763
830 191
209 823
123 297
805 483
681 173
40 803
299 962
981 155
87 803
520 252
245 202
620 53
348 656
900 751
459 521
409 268
376 345
780 605
378 683
509 387
400 953
224 285
10 900
580 746
581 319
640 333
658 568
112 450
796 686
102 237
586 214
14 919
849 520
64 660
49 64
487 690
207 859
814 611
827 49
23 588
695 329
481 492
953 450
638 124
533 240
101 30
91 160
266 37
51 777
323 44
663 994
959 411
742 793
229 186
485 256
180 338
370 64
940 308
890 891
262 840
12 871
454 736
181 936
333 733
155 517
128 691
473 187
764 7
489 999
260 456
812 653
743 955
483 1
1000 501
805 132
692 459
821 233
753 227
293 256
169 882
242 360
795 962
389 893
542 333
319 764
184 337
596 542
706 426
854 210
313 126
222 408
796 95
264 376
258 34
473 934
352 529
646 251
923 68
852 870
691 32
340 50
643 325
917 942
973 802
207 258
162 897
469 515
182 580
74 117
59 267
73 255
118 874
26 976
196 672
857 746
880 773
420 424
900 594
755 256
340 647
533 592
183 987
404 932
139 145
379 903
400 835
845 623
352 204
975 476
82 938
898 369
866 573
870 29
943 675
483 528
141 822
517 767
116 930
299 130
525 912
897 297
354 654
320 770
281 572
212 784
531 950
18 441
592 862
220 567
665 678
918 688
480 940
264 841
372 746
998 610
916 337
864 514
425 474
996 7
565 687
742 615
998 765
508 592
170 46
887 175
677 573
125 720
273 815
4 937
191 453
639 751
450 833
91 593
357 778
722 789
27 201
991 771
854 254
838 659
225 306
401 28
754 386
203 392
743 830
448 465
752 175
623 676
934 785
645 322
26 643
796 210
66 563
197 331
454 426
956 919
203 118
511 188
519 931
957 306
653 89
435 536
862 337
44 196
76 643
621 121
80 921
652 151
164 29
782 566
487 276
35 239
589 812
257 185
921 210
582 227
867 795
176 902
91 309
699 50
630 457
341 709
769 32
880 749
239 218
538 879
371 978
229 16
711 908
654 953
949 823
785 830
219 6
974 410
831 311
667 340
750 701
966 782
6 491
1000 128
690 836
431 522
358 990
74 821
560 344
485 425
694 823
163 685
322 459
13 743
929 998
865 992
826 614
77 736
263 783
398 780
345 24
825 294
511 655
902 610
482 387
123 415
820 495
288 200
201 633
682 8
227 429
765 949
883 994
937 222
69 883
169 100
903 817
229 81
175 58
912 161
890 6
115 543
728 100
952 620
994 251
762 143
531 370
448 842
72 934
552 80
352 406
405 404
188 772
979 992
581 124
585 121
288 961
488 980
766 11
515 403
551 943
360 302
486 466
159 328
107 523
440 646
902 480
336 311
379 395
140 555
90 842
842 733
665 280
722 375
778 165
708 166
525 984
285 403
217 581
966 874
840 675
312 303
688 186
40 70
928 393
74 983
294 497
289 25
474 207
536 126
601 536
313 308
186 554
481 938
27 482
134 442
48 519
693 89
74 523
117 631
635 230
69 756
38 49
208 716
156 932
829 395
614 995
578 141
583 924
142 354
36 673
753 945
406 279
9 751
429 910
1 655
143 636
365 572
187 676
758 61
332 480
895 252
52 570
808 184
683 744
813 697
26 157
158 334
505 442
415 493
899 400
258 56
866 837
698 605
673 73
875 17
412 155
70 317
112 451
993 78
477 213
779 727
585 132
713 95
865 116
701 742
672 980
897 945
590 806
148 381
784 41
818 405
675 100
949 589
294 211
128 525
10 205
599 669
216 986
140 632
426 413
626 733
561 206
154 684
390 680
803 281
186 381
832 349
466 541
859 30
971 632
163 519
884 507
977 175
730 993
604 970
399 96
129 516
721 162
886 740
925 56
747 292
20 733
482 361
749 118
640 726
454 786
888 471
94 309
843 932
234 108
428 933
855 526
644 117
144 380
557 896
389 542
504 606
156 831
585 667
387 117
389 687
982 742
53 722
131 120
938 648
886 66
45 674
265 994
566 912
455 563
44 606
27 808
418 615
843 394
899 396
738 188
775 609
245 412
338 206
874 28
892 949
396 434
970 795
157 699
598 771
770 18
510 163
37 561
176 923
358 503
72 220
788 754
557 852
849 388
921 23
628 96
208 411
484 312
929 413
414 71
953 279
912 529
537 208
519 32
506 88
119 540
210 472
432 802
894 374
402 646
919 943
869 60
543 319
622 348
515 470
972 827
367 835
388 836
906 153
104 9
600 910
712 328
475 738
209 434
376 905
673 99
329 821
20 510
136 147
778 302
172 721
319 642
213 395
52 15
659 33
75 486
203 173
314 166
838 513
514 843
715 214
925 687
566 675
236 194
386 873
259 397
793 56
423 646
264 277
608 233
752 160
899 189
665 956
359 405
641 790
804 742
995 661
136 702
141 179
678 410
153 861
926 928
213 545
508 663
535 84
315 241
98 739
524 971
136 924
727 716
84 818
841 89
537 368
874 231
331 875
563 644
548 80
714 312
76 849
849 599
757 326
23 518
177 466
492 929
845 995
439 886
23 631
998 195
546 448
250 875
107 558
932 725
664 779
258 548
689 456
730 532
822 44
702 598
963 134
769 449
536 500
632 349
375 779
195 417
116 677
392 315
565 920
115 664
705 749
299 284
85 259
985 269
964 338
868 254
462 875
828 82
398 19
126 279
517 39
891 36
152 808
47 153
50 335
930 251
562 754
778 951
697 668
344 255
273 197
936 259
75 881
791 927
79 665
300 666
100 644
839 883
87 910
93 333
884 616
667 2
690 225
451 687
838 794
714 235
520 800
6 735
278 16
260 763
852 125
709 276
947 419
36 66
546 659
13 366
658 613
554 658
886 331
409 961
541 952
86 547
893 697
141 522
282 493
608 823
167 526
996 678
875 939
465 426
447 750
799 69
805 756
992 453
388 728
137 600
138 483
301 853
358 270
140 597
489 461
37 811
811 437
744 437
135 466
6 655
573 858
152 426
928 539
945 723
765 50
416 495
363 599
327 763
219 402
208 129
97 442
924 591
337 803
467 908
764 253
657 733
285 180
582 938
60 756
743 913
217 919
186 922
207 756
464 712
321 113
669 965
918 680
415 795
87 622
355 142
178 941
431 109
89 126
435 102
773 818
540 963
256 745
709 948
838 728
905 500
952 811
438 714
221 762
829 507
44 853
781 376
567 683
397 111
770 971
607 186
221 363
575 600
446 900
875 242
633 964
49 267
797 698
19 803
940 573
482 603
357 605
233 455
766 878
178 320
276 452
328 301
680 2
37 395
735 548
757 28
885 215
392 970
547 370
289 582
344 535
953 687
276 324
663 312
665 803
595 94
962 807
727 613
429 482
802 924
569 895
309 700
148 382
3 533
866 535
542 586
135 16
755 789
349 572
498 342
278 632
779 5
285 340
470 976
492 888
25 783
462 372
944 211
764 972
690 555
160 546
837 680
497 871
298 848
251 848
509 664
3 661
5 43
392 356
854 276
308 676
341 736
509 521
169 598
835 169
93 752
979 748
255 926
756 941
481 949
565 65
17 683
588 166
925 345
892 300
285 954
930 561
270 22
866 435
117 763
230 810
697 667
331 181
965 428
583 899
51 18
658 86
256 974
331 258
408 869
226 52
464 865
620 388
876 30
749 296
262 916
494 829
334 534
444 210
247 543
914 289
410 81
785 379
499 371
886 365
945 381
943 990
738 300
597 615
358 101
931 911
269 524
897 867
187 143
426 717
561 446
928 903
586 348
694 21
474 721
365 109
250 852
664 816
223 847
24 399
822 773
12 592
219 60
989 464
572 632
901 606
59 663
483 611
968 245
826 255
350 721
25 916
228 181
450 155
548 576
95 679
567 339
637 213
379 144
548 727
21 561
351 350
893 331
101 892
427 262
122 626
233 571
90 468
220 855
743 985
622 46
471 966
60 531
656 913
709 874
998 989
54 546
722 787
920 921
212 325
680 909
644 106
611 25
683 900
922 596
902 678
175 32
23 398
130 355
972 478
870 657
265 908
839 142
810 400
992 836
410 2
763 400
857 859
990 153
87 42
277 466
44 579
504 200
487 385
328 278
642 658
112 445
75 515
684 627
983 673
948 804
348 956
36 190
755 574
292 768
567 855
970 655
111 715
903 177
487 756
228 996
975 79
452 236
591 371
78 162
480 765
979 661
659 531
327 897
590 57
578 961
949 166
197 705
208 892
937 870
976 780
629 718
617 14
873 148
186 677
406 850
970 890
890 689
873 805
731 387
647 641
56 293
786 807
180 42
165 442
332 477
73 408
526 925
200 823
666 864
441 563
8 74
652 787
348 6
709 846
492 42
556 629
696 166
951 950
681 182
790 624
539 304
460 607
902 642
725 37
965 758
714 822
862 134
701 28
867 236
174 900
170 983
597 844
999 872
446 888
710 229
658 832
932 167
481 155
301 400
162 566
509 365
35 129
455 907
705 404
120 948
118 707
266 968
396 379
804 72
770 40
664 731
520 543
291 763
429 509
451 349
234 87
295 468
216 208
747 287
659 849
577 892
233 38
327 196
475 97
668 816
135 461
525 581
358 670
900 44
519 432
225 715
119 455
335 698
803 716
567 383
431 63
7 932
837 981
90 106
555 172
798 377
556 899
860 245
726 778
545 502
85 437
916 267
919 692
27 484
271 241
661 569
540 830
268 601
964 654
658 337
933 857
166 120
973 584
886 811
354 248
47 207
472 115
623 504
630 300
151 893
479 272
264 351
467 440
692 135
71 202
40 806
437 812
574 167
408 778
818 877
726 866
472 401
623 734
347 979
810 473
369 575
207 299
71 373
526 437
589 354
371 874
504 145
274 925
999 29
879 955
926 462
993 76
23 875
335 181
677 996
474 587
720 879
77 478
594 840
280 768
562 170
749 499
507 416
804 243
590 804
723 389
135 19
598 967
710 653
859 709
389 707
713 500
565 539
345 760
953 175
972 563
383 844
918 585
926 452
413 143
732 403
517 553
241 392
919 901
242 931
668 651
650 394
262 956
800 354
674 20
656 631
513 914
915 802
601 713
284 307
836 352
911 342
143 248
768 63
347 341
425 483
985 731
74 986
227 575
968 662
422 99
484 696
751 730
735 161
592 177
698 926
26 571
448 345
599 708
915 795
18 935
717 615
666 971
424 466
443 606
905 357
429 607
783 332
71 174
848 617
934 560
303 939
416 517
961 831
670 833
931 707
43 71
606 67
473 581
210 880
905 720
654 501
438 864
193 434
774 782
886 354
653 131
362 198
770 97
864 268
700 226
684 543
707 710
837 55
875 908
698 911
741 555
978 399
101 460
874 282
355 47
660 455
663 716
408 192
374 835
586 939
707 406
291 269
111 916
119 617
710 632
892 138
720 504
573 784
996 349
320 918
542 833
67 99
234 464
162 149
864 807
388 951
205 352
824 405
328 740
94 731
497 147
136 151
464 484
289 606
854 305
394 499
603 115
181 905
882 6
494 320
958 243
815 590
797 47
601 598
892 83
413 294
284 53
234 916
809 754
131 410
949 259
339 607
670 481
484 604
549 752
473 790
41 58
981 246
251 409
400 343
737 594
661 964
174 873
549 931
731 768
535 368
79 820
176 909
409 344
27 921
211 228
448 242
286 758
399 957
550 343
224 361
10 764
304 401
856 158
876 289
643 64
996 942
631 521
102 217
503 954
644 574
978 480
27 596
653 312
202 530
280 888
798 414
211 288
840 144
922 697
570 345
555 647
112 747
298 612
171 766
427 776
314 138
671 49
454 168
926 111
432 246
205 100
225 686
615 473
926 28
950 390
111 142
811 844
560 460
65 546
33 76
270 403
459 374
963 934
604 81
531 810
733 720
362 836
185 490
941 995
798 884
217 953
716 421
521 209
796 333
742 657
341 88
696 73
990 687
492 880
947 888
895 534
397 359
400 405
623 487
331 239
577 203
305 520
94 82
195 908
252 619
643 480
183 555
754 421
757 962
481 335
388 269
231 287
930 856
292 353
26 277
500 460
621 136
586 333
398 589
457 439
222 881
888 621
481 41
397 538
853 305
729 323
801 862
329 280
607 358
561 792
412 808
699 260
830 759
277 358
923 476
608 398
747 240
833 738
639 38
145 572
510 110
75 703
23 951
140 881
176 287
305 263
146 773
964 200
6 793
870 472
998 237
30 147
12 394
569 579
452 193
751 303
868 624
24 456
632 157
684 453
289 996
16 604
73 541
38 537
939 249
276 230
722 370
798 39
530 833
362 613
973 3
29 107
855 35
837 980
678 600
492 587
685 544
27 894
713 687
990 617
807 13
811 86
78 635
62 92
86 70
713 824
256 599
597 442
501 469
691 701
530 261
750 456
773 943
54 597
613 672
562 946
484 532
601 376
625 18
296 290
705 922
977 669
302 504
933 186
270 333
792 726
460 636
322 637
469 506
952 924
682 885
417 956
454 497
904 750
283 763
451 653
892 829
758 806
170 859
335 7
653 158
103 43
469 845
589 864
662 669
774 690
245 310
140 902
732 808
269 742
805 948
129 435
22 422
183 992
10 406
267 13
604 274
197 836
514 6
719 963
847 190
885 503
966 525
470 615
533 139
571 72
665 3
802 892
570 384
384 13
556 179
439 553
668 789
261 473
869 180
906 910
963 179
929 359
342 284
789 979
846 156
635 603
854 699
285 116
470 176
146 666
789 836
663 879
902 237
746 483
915 146
777 149
280 411
100 36
372 769
859 522
510 947
80 184
701 724
869 328
891 128
798 844
123 122
910 266
752 586
649 60
320 486
835 457
403 693
637 726
173 695
139 215
715 188
933 205
240 28
991 91
430 329
382 582
832 367
265 301
338 536
869 780
430 440
16 284
382 977
123 481
277 587
870 634
422 890
827 917
790 398
932 248
532 914
40 432
477 133
633 87
814 252
286 437
665 102
842 205
145 619
349 459
261 889
945 915
228 627
505 550
510 305
756 41
336 724
337 173
444 647
104 688
68 43
93 744
813 239
525 571
30 235
513 211
971 827
441 232
759 952
560 82
299 134
319 203
945 648
582 583
640 218
219 431
238 505
534 698
424 853
910 19
873 190
17 986
626 862
394 496
323 298
735 26
206 629
726 380
319 830
403 499
77 760
43 808
227 215
764 406
982 69
490 783
43 697
192 669
959 895
265 327
288 160
914 44
492 192
240 169
611 394
912 195
887 457
523 704
765 185
271 462
807 409
807 648
762 344
536 740
339 880
923 36
209 908
586 342
52 590
166 498
821 290
562 690
287 346
163 328
456 734
258 76
84 210
338 286
466 491
639 188
288 731
736 501
308 790
921 293
318 310
151 360
33 805
106 149
657 291
70 376
435 653
312 22
499 510
571 704
489 360
909 506
421 883
62 61
524 36
600 386
249 596
486 347
107 658
958 705
34 171
287 815
400 577
793 174
722 252
742 251
11 217
820 657
56 574
826 46
992 282
987 119
171 415
959 334
314 490
814 583
506 994
77 41
447 139
788 839
315 781
289 170
454 556
4 875
556 808
170 127
444 188
161 8
378 506
974 558
553 566
804 359
75 310
57 807
901 116
356 469
69 796
108 310
346 719
995 246
638 700
355 151
527 127
256 874
95 89
478 83
388 383
961 43
800 87
397 503
956 874
151 200
924 456
71 369
705 223
355 450
286 832
733 755
205 784
886 256
477 334
170 981
373 371
662 798
349 17
390 573
267 258
770 183
555 951
827 842
903 497
762 365
11 825
283 572
692 656
884 952
804 217
439 806
921 35
682 813
337 356
138 287
376 254
966 573
373 313
628 52
873 201
793 25
595 165
903 36
543 573
450 396
585 351
178 675
551 630
453 535
479 555
713 483
16 605
82 722
923 904
821 333
56 841
922 175
794 919
599 72
530 721
707 345
259 702
846 931
99 358
13 694
531 841
493 46
482 321
427 320
161 380
113 27
332 451
373 537
445 188
47 856
930 552
694 561
38 53
422 212
674 549
491 307
327 201
60 533
758 279
378 99
351 118
397 27
273 21
80 537
190 594
622 689
255 392
807 545
791 956
23 22
608 978
122 479
503 686
566 904
770 889
865 317
477 15
723 843
631 722
500 336
412 926
16 479
650 786
581 314
451 541
947 384
396 394
549 348
609 418
23 869
870 776
609 18
646 633
978 425
944 281
616 966
953 615
73 333
497 681
828 747
775 940
755 790
367 484
663 539
326 366
82 404
944 71
67 504
272 580
863 772
989 457
208 322
814 524
621 978
818 757
295 169
785 907
128 434
612 378
24 195
741 90
357 321
696 693
164 971
589 22
882 224
47 64
164 858
346 869
130 854
458 635
459 142
242 274
962 59
873 908
677 516
398 95
91 987
574 916
132 143
995 161
943 321
194 448
750 181
730 289
716 204
945 852
196 888
967 477
904 955
311 601
297 251
652 571
874 743
670 820
767 368
696 463
74 495
917 937
433 324
830 521
555 405
801 773
589 946
697 852
718 558
844 989
684 906
810 733
690 967
438 785
975 42
542 651
64 326
908 465
110 649
277 572
756 187
581 48
693 662
402 767
40 134
286 231
385 214
387 864
284 988
600 771
106 370
771 646
807 315
668 890
996 351
355 593
137 742
105 186
252 191
90 782
876 929
932 915
871 259
775 199
462 710
251 881
911 263
125 792
879 115
224 567
554 950
983 401
151 739
423 894
322 79
156 513
649 462
338 953
446 436
640 36
30 567
180 192
422 141
562 1000
155 258
377 662
412 403
956 720
526 166
701 132
633 566
575 703
231 501
820 310
472 476
863 240
499 901
541 620
744 248
653 882
670 784
16 377
269 105
221 336
442 559
615 672
282 212
102 509
653 963
893 595
54 624
75 951
466 488
528 371
896 759
291 239
273 392
225 119
633 114
705 397
652 140
46 391
602 831
197 249
236 529
590 576
22 508
139 176
214 852
286 289
382 398
962 874
689 226
656 501
509 25
771 964
519 354
286 195
436 756
473 574
883 133
453 152
465 108
160 766
413 196
827 346
298 536
512 498
954 843
224 612
608 474
555 325
294 299
748 690
485 468
125 941
273 748
460 150
333 736
556 419
123 180
677 587
124 985
294 21
497 415
209 547
263 778
982 102
950 960
777 398
692 414
776 114
463 932
908 631
66 846
913 207
739 77
902 641
164 535
891 774
766 918
514 589
4 319
173 772
687 90
174 907
122 440
815 437
752 422
212 169
328 422
865 129
704 1
102 360
124 784
395 840
219 524
914 612
935 850
996 844
804 75
644 540
444 618
796 759
916 552
954 299
326 263
153 456
82 30
745 358
417 323
220 432
554 42
922 444
907 32
765 236
893 919
417 316
185 840
963 357
314 172
777 524
100 125
581 810
584 2
512 303
257 324
96 492
370 199
831 342
579 265
637 3
751 15
510 699
561 903
391 518
143 665
423 177
445 985
285 176
930 327
324 586
518 454
761 869
298 45
482 350
264 917
66 957
566 466
346 817
649 6
65 223
156 50
284 127
765 626
514 924
363 478
255 708
956 553
132 59
613 264
433 748
631 30
83 540
815 215
999 602
70 874
540 78
9 530
218 717
74 456
300 634
27 978
951 693
352 361
80 824
50 32
412 927
89 574
933 363
438 923
650 787
135 985
728 867
267 289
766 767
913 759
93 79
495 975
760 308
188 805
227 793
781 184
505 671
987 623
804 111
775 798
742 471
409 929
357 827
914 874
390 459
103 408
513 324
589 465
310 18
183 256
372 335
814 674
963 292
871 919
7 879
988 913
628 184
573 777
579 340
7 231
212 117
603 330
459 466
777 953
989 646
910 639
752 799
974 764
254 585
664 101
289 9
512 41
694 833
26 148
669 157
857 485
655 862
416 237
713 841
716 408
717 177
935 254
316 526
423 810
906 448
251 35
786 874
414 699
454 900
644 348
167 289
872 909
88 836
401 153
386 751
687 847
834 145
985 107
687 828
602 740
348 556
465 776
468 117
221 331
386 928
600 108
212 114
106 925
52 539
71 457
757 218
494 944
939 869
417 719
557 558
115 534
442 362
201 689
902 336
265 903
426 806
135 850
170 119
983 526
803 252
842 346
880 537
572 935
811 665
849 622
188 952
64 758
492 954
404 214
385 164
495 193
427 801
923 676
671 66
448 708
233 82
487 605
401 910
805 648
20 976
775 32
542 821
104 785
798 323
267 777
128 113
55 686
292 684
896 172
998 314
124 371
417 85
294 274
882 291
379 295
91 235
733 600
938 112
133 898
504 393
817 694
251 94
712 476
161 330
324 898
228 272
275 190
739 997
817 775
268 909
194 56
787 91
511 657
665 891
777 401
305 671
981 913
725 371
636 274
454 883
476 735
493 791
888 775
117 731
21 770
815 286
895 972
516 884
787 825
282 819
344 232
888 997
887 745
778 879
247 590
505 27
583 240
87 993
291 944
165 855
978 554
351 572
932 143
571 601
467 553
69 156
149 788
261 970
120 924
192 377
357 913
418 759
720 923
663 690
146 792
124 979
15 876
487 355
6 929
499 113
120 122
103 339
310 43
673 93
205 319
977 302
244 475
932 660
529 521
72 76
272 638
71 902
422 512
3 766
353 613
742 249
712 60
840 113
519 3
889 644
220 610
518 185
353 547
738 995
11 441
379 195
779 11
879 150
845 34
290 27
570 948
123 198
12 805
398 506
551 144
773 150
132 290
189 463
468 634
68 604
949 501
296 238
592 94
77 666
886 592
335 195
854 50
801 166
952 54
550 467
757 685
743 846
84 441
285 638
731 722
41 394
169 221
707 249
537 874
834 328
528 547
725 198
827 753
904 870
91 45
552 585
514 509
677 31
18 652
520 854
259 138
867 353
767 351
82 271
527 573
272 15
805 187
143 772
59 329
222 775
672 467
188 147
286 608
491 802
644 654
331 701
794 63
478 572
390 706
743 240
987 514
359 4
918 212
996 732
443 180
997 613
574 238
641 305
823 41
577 967
836 180
233 153
92 196
457 577
197 911
661 16
629 908
851 510
214 450
627 103
722 369
168 961
525 978
472 652
824 481
842 854
113 686
574 525
962 307
375 234
587 898
848 438
632 493
194 216
341 807
19 31
458 581
368 575
323 383
752 859
485 600
807 994
441 738
100 865
731 641
616 223
230 771
91 671
576 637
139 849
66 851
782 5
970 301
37 114
540 422
32 862
896 995
969 659
680 858
115 953
190 547
885 34
639 272
303 470
326 163
644 844
81 276
518 813
117 38
762 173
429 170
898 805
50 33
878 895
370 834
645 678
79 926
45 858
562 68
583 478
842 212
76 944
311 59
562 215
784 101
859 571
567 874
422 799
645 856
172 498
549 114
736 157
42 770
314 111
44 180
617 654
194 713
747 511
361 72
417 366
211 586
103 488
220 260
341 240
295 218
703 681
33 167
162 141
453 666
370 232
668 647
391 724
426 815
582 745
1000 222
637 151
855 192
158 368
34 802
117 819
640 148
100 39
229 901
468 579
472 902
809 521
612 90
151 590
298 14
454 901
751 881
593 371
856 699
920 588
27 226
979 899
86 323
749 1
847 916
403 551
98 149
759 168
302 283
675 799
397 61
457 274
350 487
667 419
368 385
28 383
451 844
239 821
735 976
403 773
387 392
10 885
276 764
527 964
951 121
770 859
614 626
135 943
836 712
909 132
725 459
895 111
439 469
999 61
432 269
322 913
495 994
888 390
542 649
870 810
27 588
799 250
106 207
788 521
404 786
866 581
228 638
854 798
513 310
306 524
533 827
59 972
576 338
650 761
922 322
944 406
746 14
598 999
177 313
430 597
324 440
957 860
634 955
263 207
945 828
505 773
418 148
976 918
727 219
747 761
859 963
567 306
56 916
845 172
704 724
742 828
211 836
450 148
858 265
941 618
925 101
895 219
566 377
94 622
441 824
830 290
461 389
337 767
356 173
375 67
165 385
464 262
549 619
53 380
535 968
459 61
151 963
706 22
122 849
354 856
602 423
730 144
14 73
571 924
825 380
365 331
23 261
243 787
523 709
821 1000
899 786
100 543
123 726
808 344
903 859
420 152
1000 916
531 428
9 540
198 231
477 964
575 927
889 508
637 870
197 453
305 693
143 803
576 242
540 341
512 874
767 116
783 755
509 324
454 335
622 576
951 538
304 356
225 799
469 770
850 275
64 676
117 226
876 451
549 483
115 787
25 63
707 567
29 607
853 861
529 639
162 352
110 538
93 856
583 208
10 316
928 791
450 423
951 209
59 857
614 53
742 254
105 11
656 661
497 849
63 134
622 325
173 465
381 319
110 231
404 362
974 285
219 498
953 23
682 959
39 110
445 947
618 749
838 810
324 592
302 970
868 21
48 530
454 946
754 108
242 344
631 278
99 417
634 389
998 867
933 928
591 976
631 135
155 480
528 774
856 659
468 857
910 112
52 920
364 986
679 269
408 900
886 883
62 273
688 672
835 531
867 130
647 832
322 533
179 132
952 900
985 658
689 759
924 378
931 678
641 884
383 61
919 49
748 421
128 263
960 189
447 929
395 842
433 19
641 534
804 486
328 311
76 909
188 771
33 966
909 861
772 331
893 521
552 486
404 859
900 928
372 87
154 782
448 623
414 340
508 407
852 456
698 835
955 80
352 139
484 866
996 531
769 559
823 89
419 271
505 844
347 49
384 37
720 826
46 605
886 616
340 890
90 853
613 992
517 560
628 213
209 65
447 91
440 136
547 692
401 631
937 837
78 349
25 599
122 725
68 659
109 313
524 947
540 533
688 256
379 95
324 948
221 816
289 450
665 528
541 125
959 210
109 65
708 529
768 263
273 863
811 683
402 140
35 127
811 360
613 684
721 327
164 759
191 538
89 64
472 120
958 376
62 269
579 613
230 915
302 508
469 277
87 842
37 113
738 418
969 128
478 221
796 226
709 591
340 38
329 307
23 19
122 474
593 867
564 112
412 921
301 608
165 767
760 455
822 563
235 375
287 61
257 250
689 223
980 426
641 284
533 806
954 205
168 555
666 249
776 793
528 234
286 142
487 571
663 532
681 272
671 249
875 594
713 307
698 185
676 806
707 813
43 396
525 612
877 613
424 893
43 149
856 864
484 97
971 625
932 969
719 515
371 689
229 819
584 286
368 670
310 604
649 326
298 124
68 518
252 491
952 401
459 131
663 583
817 793
199 923
568 225
901 73
207 726
757 70
506 477
198 511
511 844
97 520
304 720
833 188
852 904
564 4
904 961
839 19
508 202
758 481
887 263
890 25
650 296
274 728
149 540
921 563
173 486
502 338
819 396
713 485
756 288
700 409
170 936
634 405
586 16
823 477
770 203
143 895
690 50
139 312
136 733
583 445
552 47
183 979
3 345
15 574
962 914
743 59
983 520
343 681
384 336
662 39
59 94
554 786
166 341
489 109
785 552
111 802
229 403
690 743
159 376
438 417
863 993
815 871
985 894
582 552
620 763
90 922
966 907
751 355
780 587
966 794
825 854
437 24
441 93
221 385
964 271
87 232
570 130
555 346
114 6
622 573
193 397
389 22
319 981
267 582
198 686
189 425
975 830
123 173
216 505
324 908
678 759
597 397
651 557
781 758
449 117
144 645
604 715
936 260
682 141
705 311
649 92
544 358
139 954
126 830
821 838
65 54
566 698
308 734
704 937
593 632
452 816
372 719
217 284
259 995
535 286
11 697
23 490
255 827
407 907
984 58
1 712
216 607
331 437
38 791
649 536
62 551
637 869
193 436
680 930
996 964
705 273
405 358
379 970
433 948
148 623
960 193
580 554
690 470
912 100
107 360
597 517
415 192
199 310
96 118
576 256
153 497
155 716
452 91
366 897
975 297
577 874
941 393
284 908
11 76
214 565
250 882
879 333
770 275
811 933
333 89
188 700
172 217
340 871
234 430
897 156
648 950
936 678
744 495
967 687
265 171
673 806
266 372
929 156
252 77
660 36
462 592
929 13
696 880
455 249
882 39
635 869
377 597
284 487
734 635
950 596
955 846
830 498
906 390
242 424
668 140
544 305
341 468
476 701
312 710
611 426
766 778
892 449
80 327
147 756
386 836
592 232
992 690
256 908
887 719
69 348
108 246
743 268
690 152
197 440
277 496
98 303
151 283
83 65
631 147
729 503
667 599
850 357
770 34
538 994
743 67
447 646
219 815
326 513
918 837
885 286
818 240
615 133
157 493
254 231
456 186
607 801
205 289
388 711
640 291
500 675
764 352
785 641
214 555
629 906
133 661
371 950
65 743
343 397
276 227
998 448
157 160
802 55
197 687
915 780
399 231
722 510
529 512
545 287
618 703
394 293
927 605
416 341
273 572
169 611
385 686
80 66
479 858
299 480
211 576
647 739
199 216
314 158
902 951
564 178
733 859
198 400
894 845
117 736
165 9
412 470
969 951
501 134
347 779
248 736
746 253
602 271
221 755
311 430
585 313
909 444
454 91
154 431
140 206
921 455
978 752
779 993
619 238
303 755
856 302
435 555
588 547
49 635
266 519
547 490
766 738
608 652
550 739
607 470
899 297
663 448
520 594
300 810
710 997
435 713
696 478
867 714
851 209
68 173
1 252
496 888
577 929
707 526
10 354
512 736
125 445
181 507
2 734
721 734
208 439
25 871
922 415
707 927
820 678
12 427
631 790
112 250
560 171
507 311
582 604
253 330
369 341
651 981
439 993
291 844
345 412
552 942
95 584
974 325
121 921
60 800
66 497
56 770
73 932
185 293
544 748
483 8
104 307
583 709
342 221
215 577
919 583
763 65
781 546
839 492
142 36
569 248
811 343
107 20
251 258
787 798
980 141
847 918
978 803
450 818
457 272
98 2
172 901
495 613
681 1
899 214
518 892
504 836
782 769
586 398
515 902
735 867
740 907
463 44
410 88
909 130
879 884
678 449
426 914
227 937
880 846
932 116
457 172
849 722
991 939
137 814
10 548
887 842
969 201
989 150
112 630
776 679
859 694
570 335
788 762
684 315
638 606
197 948
110 495
733 452
245 984
510 532
367 117
225 644
9 471
444 994
744 104
938 476
671 498
217 645
293 632
428 573
836 322
159 703
726 369
104 128
892 105
307 805
489 970
167 369
998 837
195 632
804 810
731 346
472 784
716 14
567 622
60 626
611 288
540 892
697 335
700 634
684 74
490 554
951 939
347 883
166 277
513 609
153 666
243 898
636 955
530 104
325 892
734 472
814 464
669 595
1 719
678 259
117 107
562 296
490 351
237 422
71 430
588 532
862 463
700 446
447 911
638 406
505 378
141 316
132 908
662 998
61 485
504 62
452 934
568 903
326 907
58 349
130 190
442 252
171 982
106 33
755 692
516 766
96 119
724 889
61 947
849 472
373 833
341 716
603 745
680 398
438 386
480 756
854 538
30 200
728 538
968 137
107 951
954 996
155 777
270 596
56 946
161 517
20 213
773 497
242 997
389 504
651 797
691 792
398 334
617 128
321 323
894 428
511 592
930 765
886 548
636 27
786 798
159 800
852 739
136 325
928 179
804 846
48 910
42 193
27 319
269 342
626 259
274 492
97 567
286 939
911 840
526 309
880 9
844 684
576 818
217 607
260 973
227 690
355 457
429 818
658 147
472 299
167 806
330 137
632 42
265 802
895 80
515 990
133 336
349 108
477 87
867 499
889 15
999 246
6 614
758 891
997 529
615 934
583 388
359 400
410 434
228 560
981 271
124 609
949 624
58 83
668 920
484 361
217 580
674 297
569 581
89 703
517 685
275 718
759 974
262 56
985 949
622 450
306 820
228 229
656 514
967 658
876 997
555 276
167 74
286 918
589 109
699 533
114 79
890 732
57 213
60 652
422 495
318 44
522 72
548 869
901 83
479 123
62 209
299 641
895 675
756 887
207 621
578 19
800 25
268 551
565 279
640 626
326 373
551 356
352 912
829 386
776 18
463 900
66 942
378 108
783 369
165 10
278 379
117 257
14 289
465 945
687 122
890 114
412 612
878 915
37 337
115 657
353 4
373 201
69 192
608 542
365 853
684 931
331 717
301 493
857 517
628 704
150 242
101 576
887 865
34 411
162 708
149 954
206 133
657 16
893 853
272 411
491 545
206 52
922 365
486 356
418 28
899 655
298 550
233 11
345 705
56 524
309 422
789 108
516 980
544 801
855 511
659 592
343 203
290 437
328 864
976 828
141 764
392 413
698 862
416 259
626 820
789 846
441 692
758 987
859 134
35 842
204 497
225 970
523 367
391 625
215 723
442 154
869 370
742 704
696 920
532 262
777 121
377 765
375 414
602 462
105 686
144 554
90 282
364 909
526 888
454 978
764 366
123 350
929 647
576 604
824 942
451 928
870 143
285 724
37 19
483 724
847 518
575 535
276 738
448 126
126 589
198 46
1 738
746 550
818 923
670 840
399 934
93 141
594 626
683 719
960 72
378 725
904 543
300 888
706 919
12 4
771 817
511 480
421 968
667 992
262 452
224 17
991 827
864 97
421 810
722 762
500 885
727 502
589 547
881 802
789 31
846 32
298 538
409 675
671 223
50 663
343 126
695 197
493 429
992 372
424 501
290 226
579 308
67 104
622 506
141 957
436 819
399 169
826 135
150 693
377 861
397 952
290 328
60 854
321 358
600 919
655 777
858 135
215 774
293 712
8 376
81 358
513 657
611 11
789 580
83 781
964 702
856 568
215 612
420 604
437 730
977 573
616 139
778 678
835 427
69 691
750 563
972 240
518 684
703 352
910 10
951 938
454 134
610 872
739 84
667 275
99 245
710 603
430 367
329 376
717 661
477 848
539 221
339 819
691 6
305 711
35 554
472 336
201 822
814 320
487 155
709 662
321 637
782 738
753 594
996 966
813 760
849 133
83 423
230 266
14 571
348 961
387 647
165 915
84 827
12 40
468 474
197 228
270 514
453 138
275 870
296 715
650 934
254 126
241 781
77 415
993 254
885 312
119 804
301 215
965 368
270 862
401 989
272 483
955 474
776 979
674 258
473 519
769 62
974 113
560 229
45 355
851 541
343 2
200 276
589 358
185 160
741 443
501 902
376 565
983 82
423 113
676 554
534 600
774 75
379 199
877 700
129 554
276 815
280 426
322 61
46 802
843 311
661 444
96 658
584 679
582 982
204 136
61 753
706 198
692 405
895 654
682 111
422 162
578 12
264 220
677 424
353 428
655 904
283 89
467 420
359 722
727 39
199 933
634 134
248 565
910 145
87 784
164 339
972 506
442 605
248 420
869 846
563 47
691 98
303 872
89 692
36 917
681 88
153 919
541 764
179 935
698 765
291 801
866 951
336 854
957 364
141 351
533 557
76 904
59 845
619 34
486 31
533 926
645 864
483 999
71 527
15 844
89 880
383 626
545 81
862 302
101 269
67 373
420 261
175 870
694 306
72 29
181 485
185 994
8 869
315 355
813 160
656 357
909 653
782 412
54 12
426 431
392 531
979 697
124 320
159 451
958 961
103 678
983 622
682 527
190 318
102 538
128 347
39 15
721 188
298 903
85 445
892 35
146 339
865 937
147 86
26 781
643 662
769 631
627 679
226 852
243 686
62 214
389 782
411 970
708 620
271 291
952 214
146 117
203 108
497 271
522 744
856 370
69 651
364 57
795 785
446 595
530 30
214 664
610 784
368 139
41 123
72 671
1 645
903 668
761 277
887 685
264 421
710 174
92 753
184 325
27 838
447 881
362 769
508 865
787 704
573 239
195 735
444 293
405 446
63 694
444 404
743 16
86 902
638 318
931 922
701 283
110 759
786 197
737 95
793 42
79 184
215 328
456 73
223 973
262 251
620 515
380 760
864 53
612 947
4 26
922 413
68 77
21 465
847 955
508 329
169 675
242 987
495 511
99 857
301 594
413 56
929 477
90 167
641 221
769 256
642 526
977 165
916 320
872 28
873 997
450 942
184 126
630 759
581 412
62 99
869 369
686 921
302 722
764 393
213 509
341 168
591 996
170 448
84 398
925 336
104 324
968 749
940 59
501 291
947 953
290 856
610 837
882 734
853 476
832 503
596 400
787 913
37 18
889 379
62 447
27 63
452 543
689 272
139 607
107 99
326 131
787 623
772 780
802 209
47 303
123 925
421 614
61 479
101 530
482 628
376 538
110 800
997 552
802 582
231 992
659 947
120 469
873 249
174 384
250 746
162 344
915 650
399 613
917 472
663 708
222 652
198 449
563 592
513 187
876 761
714 133
275 664
871 950
68 929
769 66
335 725
727 215
964 251
125 161
4 600
